53,54,55,56,57,165,166,167,168,276,277,278,387,388,389,500,501,502,611,612,613,614,709,710,711,712,836,837,838,925,926,927,1028,1029,1030,1134,1135,1136,1240,1241,1242,1482,1582,1665,1666,1667,1796,1797,1798,1799,1858,1859,2214,2215,2313,2314,2315,2316,2422,2423,2424,2425,2530,2531,2532,2630,2631,2632,2633,2748,2749,2750,2847,2848,2849,2955,2956,2957,3046,3143,3144,3145,3146,3147,3239,3240,3241,3340,3341,3342,3438,3439,3440,3441,3547,3548,3549,3787,4427,4428,4429,4430,4431,4524,4525,4526,4527,4640,4700,4806,4807,5491,5492,5493,5554,5555,5556,5663,6370,7119,7407,7408,7504,7800,7938,8284,9013,9014,9015,9016,9103,9104,9105,10807,10808,10859,10860,10861,10945,11500,11501,12097,12098,12099,12142,12143,12144,12522,12607,12608,12966,13048,13049,13050,13051,13135,13136,13137,13509,13510,13511,13512,13595,13596,13597,13755,14086,14280,14290,14291,14292,14293,14294,14295,14296,14376,14377,14378,14379
3389,3430,3677,3841,3842,3843,5242,5607,5608,5609,5610,5611,5612,5613,5614,5615,5616,5617,5618,5619,5620,5621,5622,5623,5624,5625,5626,5627,5628,5629,5630,5631,5632,5633,5634,5635,5636,5637,5638,5639,5640,5641,5642,5643,5644,5645,5646,5647,5648,5649,5650,5651,5652,5653,5654,5655,5656,5657,5658,5659,5660,5661,5662,5663,5664,5665,5666,5667,5668,5669,5670,5671,5672,5673,5674,5675,5676,5677,5678,5679,5680,5681,5682,5683,5684,5685,5686,5687,5688,5689,5690,5691,5692,5693,5694,5695,5696,5697,5698,5699,5700,5701,5702,5703,5704,5705,5706,5707,5708,5709,5710,5711,5712,5713,5714,5715,5716,5717,5718,5719,5720,5721,5722,5723,5724,5725,5726,5727,5728,5729,5730,5731,5732,5733,5734,5735,5736,5737,5738,5739,5740,5741,5742,5743,5744,5745,5746,5747,5748,5749,5750,5751,5752,5753,5754,5755,5756,5757,5758,5759,5760,5761,5762,5763,5764,5765,5766,5767,5768,5769,5770,5771,5772,5773,5774,5775,5776,5777,5778,5779,5780,5781,5782,5783,5784,5785,5786,5787,5788,5789,5790,5791,5792,5793,5794,5795,5796,5797,5798,5799,5800,5801,5802,5803,5804,5805,5806,5807,5808,5809,5810,5811,5812,5813,5814,5815,5816,5817,5818,5819,5820,5821,5822,5823,5824,5825,5826,5827,5828,5829,5830,5831,5832,5833,5834,5835,5836,5837,5838,5839,5840,5841,5842,5843,5844,5845,5846,5847,5848,5849,5850,5851,5852,5853,5854,5855,5856,5857,5858,5859,5860,5861,5862,5863,5864,5865,5866,5867,6705,6706,6707,6708,6709,6710,6711,6712,6713,6714,6715,6716,6717,6718,6719,6720,6721,6722,6723,6724,6725,6726,6727,6728,6729,6730,6731,6732,6733,6734,6735,6736,6737,6738,6739,6740,6741,6742,6743,6744,6745,6746,6747,6748,6749,6750,6751,6752,6753,6754,6755,6756,6757,6758,6759,6760,6761,6762,6763,6764,6765,6766,6767,6768,6769,6770,6771,6772,6773,6774,6775,6776,6777,6778,6779,6780,6781,6782,6783,6784,6785,6786,6787,6788,6789,6790,6791,6792,6793,6794,6795,6796,6797,6798,6799,6800,6801,6802,6803,6804,6805,6806,6807,6808,6809,6810,6811,6812,6813,6814,6815,6816,6817,6818,6819,6820,6821,6822,6823,6824,6825,6826,6827,6828,6829,6830,6831,6832,6833,6834,6835,6836,6837,6838,6839,6840,6841,6842,6843,6844,6845,6846,6847,6848,6849,6850,6851,6852,6853,6854,6855,6856,6857,6858,6859,6860,6861,6862,6863,6864,6865,6866,6867,6868,6869,6870,6871,6872,6873,6874,6875,6876,6877,6878,6879,6880,6881,6882,6883,6884,6885,6886,6887,6888,6889,6890,6891,6892,6893,6894,6895,6896,6897,6898,6899,6900,6901,6902,6903,6904,6905,6906,6907,6908,6909,6910,6911,6912,6913,6914,6915,6916,6917,6918,6919,6920,6921,6922,6923,6924,6925,6926,6927,6928,6929,6930,6931,6932,6933,6934,6935,6936,6937,6938,6939,6940,6941,6942,6943,6944,6945,6946,6947,6948,6949,6950,6951,6952,6953,6954,6955,6956,6957,6958,6959,6960,6961,6962,6963,6964,6965,9122,9123,11040,11861
328
0,3,6,10,11,22,29,39,40,44,59,61,65,73,74,82,92,96,97,100,106,124,128,130,131,134,145,146,149,157,159,164,166,178,199,201,205,210,216,221,231,232,233,242,243,247,248,254,257,258,266,280,291,306,312,313,328,330,338,344,349,352,366,375,377,378,384,409,423,424,426,427,436,441,466,487,496
29,59,74,92,124,131,134,149,164,210,221,232,242,243,257,280,313,328,330,338,349,352,384,436,496
328,413
32,324,380,478,492
32,324,380,478,492
32,324,380,478,492
412
412
328,413
314,413
32,324,380,478,492
351,493
3,7,9,21,35,45,54,59,63,69,77,86,96,101,103,104,107,109,112,116,128,131,133,147,162,163,166,167,174,179,185,187,203,206,210,221,222,223,228,229,238,241,252,257,265,271,272,273,303,308,309,313,317,320,321,325,340,356,359,360,363,366,374,378,382,390,402,411,417,422,424,436,444,446,456,457,461,464,474,490,494
67,432,438,448
0,3,13,23,36,38,41,53,60,82,102,108,110,117,121,126,131,132,133,135,150,162,163,177,178,188,194,200,210,225,235,237,239,258,267,269,273,274,277,300,308,321,323,339,350,355,356,369,374,390,405,415,417,422,437,438,440,445,447,453,460,462,468,471,482,485,490
32,324,380,478,492
32,232,380,395,396,397,398,399,400,401,402,403,478,492
0,13,26,27,48,54,56,59,60,62,64,73,75,80,100,103,104,109,113,117,125,131,136,146,171,176,191,194,196,204,205,208,216,217,227,228,231,247,252,264,265,270,276,277,285,291,307,309,311,312,313,317,329,334,356,364,365,371,375,386,392,409,420,425,426,434,447,449,462,467,468,470,478,481,496,499
412
283,303,304,305,306,307,412
